261.63
261.63
261.63
0
261.63
261.63
261.63
0
261.63
261.63
261.63
0
293.66
293.66
293.66
0
329.63
329.63
329.63
329.63
329.63
329.63
0
329.63
329.63
329.63
0
293.66
293.66
293.66
0
329.63
329.63
329.63
0
349.23
349.23
349.23
0
392
392
392
392
392
392
392
392
392
392
392
392
0
261.63
261.63
261.63
0
261.63
261.63
261.63
0
261.63
261.63
261.63
0
392
392
392
0
392
392
392
0
392
392
392
0
329.63
329.63
329.63
0
329.63
329.63
329.63
0
329.63
329.63
329.63
0
261.63
261.63
261.63
0
261.63
261.63
261.63
0
261.63
261.63
261.63
0
